8029
7792
8682
8100
8256
7930
7883
7051
7438
7092
6698
7071
7798
7660
7783
8358
3909
4499
4213
4471
4138
4948
4601
3898
3834
4358
4625
4969
4179
3500
4884
3973
3496
3576
4671
4233
4350
3900
4618
4396
4032
3713
3920
4349
3803
4226
3441
4822
9171
8676
7438
6729
6902
7846
6964
8758
8508
6380
7577
8728
8373
6775
7824
8158
4341
4375
4095
4920
4065
4772
4120
4908
3865
3731
3876
4768
4121
4764
4010
3931
4692
4686
4219
3945
4039
4057
3809
3942
3228
4222
4172
3312
3726
3976
3319
4490
9315
6604
8439
7800
7853
7676
9304
8438
8189
8262
9139
8470
7968
6650
9161
7810
4056
4649
4612
4052
4945
4014
4625
4456
4842
4514
4464
3665
4289
4531
4463
3719
3866
3639
3566
4871
4458
4469
4055
4514
4319
3788
4292
4022
3929
3647
3851
3894
7985
6810
7139
7568
6856
7750
7482
7770
6217
7552
8299
7046
7057
8054
8212
8529
3754
3944
3599
3995
4752
4629
3775
4728
4615
4633
4846
4373
4196
3941
4500
4089
3633
4211
4374
3774
3461
3635
4668
3770
4547
4008
3689
3561
4068
3671
4013
3790
7844
9742
8073
7439
8774
8834
8470
8777
8879
8425
7320
9718
9774
6986
8229
8438
4657
4227
4339
3970
4852
4410
4052
5285
3896
3995
3926
4185
3784
3699
3503
3938
4593
4738
4515
5468
4548
4559
4534
3770
4018
4153
3872
4260
3730
4085
3973
3907
9309
7782
8316
9979
8706
8776
9194
9752
9575
8213
9057
9004
9861
8645
9056
7411
5255
5251
3782
4221
5467
4802
4752
4270
4115
4556
4448
3124
3601
4988
4052
4904
4204
4637
4849
4809
3278
4482
3919
4259
4374
4408
4267
4680
3815
3474
4499
3943
8929
8184
8588
7318
7385
8312
7762
7197
7883
8439
8413
8621
8810
7453
9157
9555
4675
4936
4594
4474
4002
4005
4447
3944
4860
3984
4500
3750
3245
4006
4834
4863
3965
5315
4070
4665
4142
4213
3460
3987
3943
4236
4536
4420
4218
3357
4179
3969
8780
8773
6853
8720
8097
9955
10376
8064
9303
9558
9626
8317
9797
8850
8352
8574
4364
4738
5449
4209
4886
4396
4403
3796
5016
4516
4340
4820
4505
4235
4427
5936
4619
4427
4897
4070
4210
4472
4790
4150
3997
4469
3961
3876
4455
4274
3787
4415
9464
8387
9777
9922
8656
9061
9950
8112
9483
9261
9078
8297
10055
8343
8465
7265
5239
4363
5825
5218
4300
4293
4385
4243
4701
4056
4120
4448
3561
3969
3868
5228
4866
4590
4020
4159
4216
4834
3985
4286
4310
4520
3834
4675
4112
3765
3496
3479
8780
8187
7732
7602
7735
8630
6648
8242
8771
8218
7872
8618
8562
6925
7697
9621
4259
5290
4277
5094
4282
3793
4365
4126
3991
4696
3535
3640
4607
3920
4504
4684
4211
3952
4663
3448
3286
4841
4151
4263
4484
3363
4391
3996
4867
4099
4167
3480
8740
8802
8791
8782
8220
9727
8450
9772
6956
10162
8487
10730
9481
9031
10504
9088
5291
5215
5443
5423
3526
4654
3710
4140
4129
6073
4595
4548
4827
4375
4078
4659
4976
4412
4318
4017
3720
4679
5068
4421
4389
4168
3916
3217
3831
3504
4187
4237
8065
8594
10335
9652
9659
9316
8207
8516
9291
9159
9742
9506
9867
10538
9172
11640
4524
4807
4936
4855
4168
5201
5440
4268
4603
4339
4878
4353
4354
4092
4310
4650
4502
5019
4745
4607
4524
4102
4003
4352
4360
4366
3893
4203
4115
4054
4204
4402
8015
10018
9216
7256
9461
9624
8778
8792
8064
9433
8384
9445
9544
7741
9283
9519
3724
5077
5081
5163
4770
4435
5865
4011
4858
4875
4340
4097
3779
4662
4439
4414
4551
4365
3809
4274
4187
3783
4166
3760
4063
4428
3996
3585
4235
4306
3833
4163
10161
10263
10432
9501
12124
9182
11092
10829
10611
10238
10682
10135
11742
9128
9706
11668
5645
4855
5860
4506
4837
4352
5486
5007
4553
4240
4184
4386
4573
4006
4142
4815
4633
4254
4512
5176
4923
3855
4514
4400
4898
4177
4661
4538
3573
4050
4200
4307
12361
12720
9921
10942
9882
11971
12281
10425
11070
11708
11753
14248
11468
12815
12800
13373
5020
6307
5909
5916
5079
6204
5181
6725
4760
4754
4728
4990
4585
4888
4216
5198
4515
4709
5455
6057
4816
5289
4052
4872
4058
4434
4251
4236
3575
4280
4209
3748
9695
8062
10059
8512
9509
7473
8946
10901
9543
8369
10412
7312
9254
8488
9393
9492
4598
5014
5434
3794
4952
5597
4738
4480
4652
4507
4713
4352
4514
4332
4510
4470
4868
4532
4559
5312
5135
4182
4665
4645
4029
4023
3633
4165
4031
3796
4006
3902
11549
12992
11351
12776
13220
11377
9327
12136
13741
10202
12270
13420
11443
13694
13370
12823
6167
4810
6287
5975
5912
5980
5124
6023
5224
4965
4437
5173
4125
5106
5232
4862
5783
4793
5887
4210
4637
4865
5000
4728
4384
4111
4046
4820
4274
4041
3475
4160
14363
14887
15189
14807
13054
16556
14357
16552
16457
14413
12382
15134
12228
15724
12923
11678
7191
6439
7791
5877
5811
6734
6592
6170
5806
4988
4855
6133
4929
4760
4105
3938
6030
5611
5811
5835
5650
5245
4277
5455
4654
4480
5346
4292
4422
3838
4058
3811
9696
10196
9440
8379
8833
8700
9498
9344
10143
8577
8304
7522
8732
8083
7924
9188
4180
4412
3914
4924
4027
5189
4411
4721
4508
4192
5576
4995
4343
3731
3184
4190
4552
4294
4636
5416
4141
3288
3853
3599
3633
3892
4475
3399
3460
4219
4104
3679
10070
10018
10135
7608
11360
10750
10713
10781
9610
11657
9696
12050
10858
10885
9936
8843
4847
5079
4839
4732
5855
4793
4664
4808
4726
4503
4887
4763
4119
4034
4836
4290
5528
4597
5117
4438
5418
4054
4537
4686
4277
5528
3797
4199
4177
4016
3765
3750
12705
13393
10631
11898
14119
12853
11861
12130
12364
12219
12947
12224
11914
11772
12001
12462
4905
6822
6932
6059
5735
4579
5244
5850
3984
4917
4888
4514
4425
4004
4135
4277
4512
5271
5962
5569
5754
4876
5224
4587
4303
4641
4580
3582
4262
3687
3797
4233
9565
9749
10091
10508
10831
10378
10484
11165
10907
9816
9124
9430
9815
9689
10779
10078
6119
5191
5806
4385
4279
5517
4416
4632
5248
5063
4098
4194
4062
4460
4122
4796
4473
5153
3847
5066
4989
4182
4562
4619
3777
4239
4702
3512
3457
4035
4042
3858
14478
14350
11491
15190
13598
13089
13597
11517
11509
13704
14913
15778
14353
13047
10934
11421
6345
7390
6728
6595
5477
5137
6142
5421
4926
6105
4937
5042
4109
4582
3986
4703
5034
6043
5398
6597
5565
4828
4999
4373
4951
3937
4005
4442
4175
4428
3960
4281
14491
18942
17888
19356
16069
17536
15398
14914
18876
15443
17185
16770
15470
16456
16033
15317
6945
6993
8656
7495
5387
6616
6529
6134
5409
6017
4973
5194
4398
4452
4248
4758
7228
6584
6862
6858
5700
5451
4774
5365
4712
5291
5311
5137
4676
4555
4819
3564
11265
13330
13690
11842
10146
13621
13269
11368
12931
11539
11355
12925
13171
12232
12397
11277
6709
4836
5725
5297
3994
6254
5620
6013
4749
4289
4703
4849
4300
4020
3936
4289
5444
5842
4914
4716
4611
4954
4519
5424
4448
4176
4663
5007
4292
4205
4097
4187
16231
15955
15816
14805
16164
14566
15561
16170
17525
14153
15285
14731
14134
13474
16814
15484
6819
8389
7155
6516
7256
5335
6941
6972
5566
4795
5335
5573
4911
4622
4285
4404
5641
6526
5641
6188
5601
6191
5928
5533
4851
4405
4050
4468
4568
4363
5092
4385
17087
19718
17622
22278
21877
23647
20621
23492
24268
22475
21598
21892
18506
23056
23962
25004
8793
9826
8893
8356
6788
7557
7352
8323
6550
6587
5504
5499
4376
5203
4652
4835
8037
7139
6620
7539
5922
6492
7366
5042
4969
4816
5257
6267
4328
4452
3846
4057
10569
10238
8477
8299
8928
9068
13141
9520
9545
9955
8510
9363
9730
10436
8620
10951
4849
5532
3981
4490
4354
5182
5249
5059
4379
4083
5142
4149
4762
3972
4257
4681
4827
3765
5130
4533
3859
4606
3435
4734
4103
4532
4174
3657
3945
3418
3871
3686
11773
13675
11594
11732
12877
13931
11835
12499
11549
11859
11589
13608
11452
11793
11708
11831
5700
5178
6105
5637
6134
5487
5230
4449
5423
5283
5290
4943
4305
4678
3836
4039
5092
5595
5104
4286
4256
4562
5714
5021
4645
3999
4562
4823
3395
4120
3671
3918
15574
12955
17406
15286
14921
13210
12319
16456
14826
14690
14276
15193
15380
15735
13231
13274
6446
7396
6521
7935
6680
5446
5986
6761
5530
4843
5518
6582
4672
4038
4152
4990
6222
5489
5549
5230
4923
5140
5497
5622
4493
4145
4543
4982
4128
4209
4546
3807
12239
11918
11401
14105
11612
11792
12993
11658
13916
12606
12952
13731
13457
11590
12686
10761
5813
6467
7030
6277
5855
5382
6199
5159
4461
5478
5603
4903
4239
4292
4803
4828
5230
5280
6517
5264
3991
5035
4784
4845
3944
3985
3663
4375
3861
4453
3999
3625
20835
18198
15942
13462
15556
15708
17821
16069
19248
18640
18444
17654
17474
16822
15730
15847
7175
7584
6383
6399
6530
8384
6618
6866
5969
5127
5937
5235
5620
5239
5128
4528
5722
6804
5949
7574
5721
5699
7040
6311
4031
4337
4353
5281
4496
4886
4212
4113
22488
20304
22120
18324
20546
20487
22562
19269
20454
24062
24242
21700
21462
19391
24356
16860
8233
8495
8071
9765
7928
8115
7346
8210
6606
6148
6314
6781
5469
5116
4409
4545
8048
9402
9059
7633
6054
6268
6812
7187
4874
5214
4701
4576
4036
4424
3703
4142
14199
15840
10960
14679
15645
15069
12734
13992
17947
13601
16394
15233
12791
14145
17177
14834
7689
7334
5850
6413
6143
5851
4924
5165
4831
5896
4517
5048
3944
4197
4522
4733
6528
6023
6553
5753
5787
4599
5469
5075
4341
4481
4581
4054
3275
4498
4377
3841
25259
16381
21935
19929
20047
20952
20013
22674
21057
23658
21157
21660
22120
24413
24169
21341
9338
8302
7121
8814
8664
7377
7375
7931
5468
6377
6728
6434
4854
5432
4754
4970
10148
8441
7991
7848
5622
7059
6093
6534
4559
5618
4842
4708
4778
4595
4558
4734
29509
25281
26554
28309
29436
35563
29266
28143
29021
29783
30364
25300
27818
28848
31196
27105
11545
8986
12439
13222
9548
8166
11012
8415
6219
6168
7656
9005
5423
5160
5199
4339
13930
8648
9565
10622
6826
7647
6520
8002
5509
4766
6802
5946
4076
4430
4745
4303
7592
7838
6535
7252
8986
8618
7045
7671
8133
8249
8309
8003
8072
6772
8880
9379
3448
4940
4509
4688
3878
4419
4168
4315
3625
3927
4328
4206
4508
4102
3156
4545
4070
4274
3963
4400
3950
3961
3643
3552
4988
3701
4136
3915
3683
4382
4053
4031
8896
8159
7122
8811
8685
7410
8129
8143
8300
9156
7464
7126
7856
7950
7949
8140
3545
4075
4970
4254
4268
4541
3530
4390
4432
4886
4100
4132
3459
4155
4024
3663
3967
4324
4253
4616
3485
3659
3794
4004
3884
4257
3399
4666
4158
3526
3901
4230
8666
7448
9359
8071
7058
7956
7314
8308
8251
7633
7147
7764
7495
8664
7545
7240
4353
4038
4417
4123
3943
4507
3691
5215
3945
4462
4018
4379
4202
3430
4162
4504
4070
3803
4445
4776
3392
4562
4460
4662
4967
4185
3793
3902
4099
4366
4402
3757
7931
10534
7444
8420
7589
8136
9545
8040
7842
8258
8444
8546
7844
6897
6785
9178
4661
4743
4653
4040
5038
4485
3998
4461
4510
3576
4005
3175
4550
3965
3614
4558
3880
3748
4009
3957
4497
4597
3956
3698
4040
4054
4518
4103
3790
3956
3967
3729
8069
8486
9304
8297
9034
9018
9561
7406
9113
8885
9740
6976
7771
9299
8772
7252
4349
4604
4533
4415
5472
3871
4845
4266
4245
4240
3204
4137
4757
4017
4557
4390
4329
4443
5175
5214
4333
4410
4314
4080
3738
3719
5277
4045
3996
3939
3324
3817
9373
9768
9295
7580
9743
8462
7782
9876
10923
8495
8142
10516
8153
10697
7999
9213
5713
4770
5359
4760
5261
5214
4450
4768
4404
4652
5262
4603
4207
3923
4520
4521
3992
4091
4002
5163
5060
3994
4523
4143
3404
4192
4280
4520
4289
3401
3963
4028
7899
7708
8680
8305
8589
7999
9033
8326
7304
9164
8434
8832
7995
7816
7813
6764
3950
4706
5186
4613
4304
4900
4091
5044
4018
4150
4512
4070
4474
3983
4555
3952
4542
4133
4170
4363
3681
3736
3475
4872
3630
4172
3843
3947
3282
4138
3950
4453
8954
8297
9937
10051
9341
7996
9805
8590
8486
7299
8966
7886
10088
10967
8988
9666
4993
4702
4839
5145
4761
4686
4074
4013
4001
4066
4100
3693
4610
4922
3876
4655
3920
4954
4373
4170
4339
4860
3758
5483
3777
4160
4887
4080
4344
3357
3776
3721
11580
10182
10207
9417
10148
10619
12113
8091
10879
9293
11505
9951
9882
9623
8961
11043
5830
5458
4969
5657
4959
5685
5028
3906
4131
3625
4249
4992
4822
4684
4140
4124
5588
4682
5321
4799
4123
4491
5227
4770
4375
4922
3746
4456
3658
3701
3735
4056
8841
7808
7622
9777
6740
7705
9488
8062
8402
7985
7891
7725
9275
8341
7515
7653
4064
4440
3461
4435
3544
3735
3998
4355
4769
5484
4218
4275
3928
4354
3621
4282
4501
3895
4876
3920
4255
3731
4152
3682
4419
4930
3154
3476
4046
3788
5090
4991
9421
8491
8503
8845
7354
7840
8985
8352
9963
10133
8881
8664
9213
9229
8972
8013
4074
4985
4716
4628
4567
4427
3758
4350
3933
5371
4616
4329
4679
3627
3678
4295
4180
4507
4729
4597
3638
3986
3813
4599
3429
4544
4203
4321
4224
4483
3517
4018
10405
9552
9626
9872
11522
10538
10899
11677
10330
8448
10414
9378
9546
10773
10936
10922
5479
5176
6626
5680
5199
4683
5189
5660
4236
4573
4580
4985
5647
3903
4438
5379
4319
4396
4754
4864
4740
4662
3884
4025
4091
3957
4315
4180
3631
4689
4088
4384
8949
9120
9195
9231
9291
9043
8875
8070
8222
9160
8995
8854
8248
10019
8324
9909
4636
5450
5377
4835
4944
4119
3842
4019
4649
5315
4758
4997
4239
3897
4179
3871
4908
5329
4805
4506
3842
4468
3528
3395
4450
3883
4119
4761
4234
3430
3161
3670
10612
11230
10118
13290
11676
10086
11738
11995
11048
10068
11700
10790
10992
11278
11525
10680
4521
5291
5535
4929
5693
5438
5559
5077
4381
4467
4568
4379
4142
3988
4734
4193
5922
4367
4986
4226
4734
5689
4427
4856
4872
3686
4304
4183
3934
4369
4192
4187
14962
12571
10549
12817
14852
11886
12228
14162
13243
14525
13231
11675
12973
12621
11253
12054
5003
6430
6272
6200
5112
4479
4548
5618
4846
5383
4244
5130
3967
4922
4347
4720
4461
5373
6609
5176
4962
5157
6287
5604
4648
4299
4822
4566
4145
4039
4393
4250
9676
8758
9177
9852
9880
9158
8447
9395
10189
10786
10025
10560
10927
10054
10223
9929
5544
6358
5649
4810
4574
4286
4241
4405
4231
4747
4969
5305
3623
4851
4816
4931
3688
4002
5118
4446
3893
4171
4250
4093
4204
5073
4478
4055
4082
3238
3798
4454
10586
12406
14153
12788
11433
14142
11238
14654
15327
12491
13869
12321
15108
11629
14608
14099
5849
6355
5645
5675
5950
5157
5655
5111
4997
4301
4283
4600
3897
5354
3789
5100
5928
5531
6648
5808
5177
5626
4627
4798
4410
4383
4315
4190
3830
4028
5087
4360
13910
16310
16680
13766
15111
11377
16895
16777
16880
18886
17029
15374
15393
12595
13877
15527
7215
6417
6473
6887
4871
5945
5673
4959
5281
6139
5417
5338
4809
3954
5168
4960
6692
7276
6367
6079
6359
5913
4929
4993
4600
5838
5403
4426
4591
3565
4043
3436
8437
9647
10158
9676
9286
8891
9201
8280
8234
8899
9346
9092
9570
7909
10064
10086
4675
4434
6494
4782
3872
4045
3866
4093
4425
3834
5392
4264
4499
4878
4286
3840
5053
4165
4475
4446
4568
4420
4593
3933
4621
4098
3845
4020
3516
4126
3649
3924
10338
10864
10695
12567
10426
10569
10157
10553
11100
10425
10639
10065
12006
9898
11768
11265
5426
6476
5632
4639
4862
5305
5017
5165
4656
4672
4622
4464
3976
4231
3715
3543
5625
5355
5062
5117
4465
3935
5081
4902
3873
4468
5702
4113
3861
3895
3957
3903
14418
11595
13716
12904
10297
10497
11778
14132
10947
13533
14511
11461
12533
11703
13518
15346
6777
5935
6095
7065
4879
5487
5637
6259
4211
5425
5037
4748
4442
4507
3952
4571
4901
6129
4914
5105
5222
5112
4616
4879
5274
4123
4584
5459
3748
4349
4380
3935
12220
11074
11355
11006
9978
12630
11800
12293
11604
8990
9839
10913
10450
8410
9817
11779
5532
5374
4689
5149
5451
4779
5923
4347
4252
3852
4738
4197
5026
4320
4097
4868
4698
5411
4185
5446
4583
4498
4485
5491
4268
4835
3866
4482
3949
4525
3767
4548
16582
15746
16397
14878
13972
13335
16078
14807
15051
13620
13467
14896
15255
16189
14933
15403
5817
7636
5811
4918
5902
5621
5104
5107
4458
5241
4025
6236
4589
4481
5104
4434
7058
6602
6249
5864
5802
4496
5788
4741
5709
4572
4526
4931
3541
3728
4322
4673
17256
16904
17328
17761
19228
16344
19902
18875
17350
19190
14989
19807
18609
19472
17588
19490
7308
6947
8167
7280
7759
6201
6789
8384
5989
5245
5419
5845
4751
4266
5069
4071
6753
8197
7415
7094
5936
6526
5942
6019
5469
5464
5303
4810
4264
4034
3422
3841
10894
11647
12900
11614
13197
13421
13492
13306
13685
11083
13331
11159
15204
12664
11169
12167
7110
5465
5616
7262
5398
5549
5161
6182
4751
3555
4827
4670
4388
3963
4090
4629
5600
5833
5130
5487
4513
5791
4803
5809
4069
5077
4447
4719
4684
4080
3986
4492
17759
19468
17539
16662
16569
17633
19730
15935
18146
17919
16948
17227
14693
17319
20841
13451
8203
7526
7995
7996
7870
6832
5977
6170
4962
5393
5963
5377
4368
4597
5076
4303
7330
7471
6207
8209
6350
6698
6966
6951
5089
4703
5062
4779
4377
4714
4048
3395
21363
23815
25211
27508
23990
19298
21253
19647
27952
25151
20989
26103
25236
20181
22760
23590
9855
10010
9997
10221
8205
7598
8642
7807
7200
6107
5949
6721
4789
5026
4501
4686
8122
8495
10589
8457
7981
6280
6772
6472
6075
5173
6462
5258
4363
4059
4401
4037
10577
10875
10114
8863
12222
8155
10585
9940
9443
10717
9716
10611
10644
11652
9410
10650
5539
5552
5412
4724
5360
5838
4493
4476
4416
4727
4191
4438
4351
4445
4683
5185
4116
4312
5110
5228
4394
5523
4420
4560
4010
4162
3701
4435
4002
4109
3528
3211
14096
14136
14564
15264
14947
15189
14067
11820
13917
12787
13013
14325
12981
15119
