[-12, -4, -4, -93, 9]
[-2, -8, 5, -42, -4]
[6, 5, 0, -70, 8]
[0, -6, -20, -94, 1]
[4, 13, -3, -96, -3]
[-2, 5, -4, -9, 0]
[2, -1, 4, -15, 4]
[0, 2, -5, -57, -9]
[-8, -3, 11, -72, -6]
[8, 7, -9, -62, 3]
[0, -8, 3, -43, -5]
[-12, -5, -7, -86, -8]
[-2, 2, -3, -16, 5]
[-2, 6, -9, -45, -5]
[-12, -5, 4, -75, -7]
[2, -5, -1, -63, -9]
[-10, -5, 6, -65, 6]
[-8, -6, 3, -32, 3]
[12, -9, 2, -99, -6]
[-16, -2, 1, -57, -3]
[6, 4, -1, -32, -5]
[2, -4, -19, -83, -3]
[16, -2, 10, -99, -1]
[6, -4, -4, -75, 9]
[-8, 8, -5, -72, 6]
[4, 3, -11, -40, 4]
[-14, -2, -3, -47, -4]
[4, -2, 5, -21, -4]
[-14, 0, -7, -88, -8]
[-12, 7, -13, -86, -2]
[-10, -8, 5, -52, 1]
[10, 8, -4, -66, -3]
[8, -7, -12, -72, -4]
[-12, 9, -3, -79, -4]
[-14, 1, -8, -96, 8]
[4, -7, -14, -87, 6]
[-16, -4, -14, -97, 2]
[-6, 3, -9, -96, 10]
[-2, -1, -5, -24, 6]
[-16, -1, -7, -62, -3]
[-2, 5, -3, -19, -4]
[-14, 9, 4, -93, -3]
[10, -3, 5, -37, 1]
[-18, 3, -1, -74, 2]
[-16, 1, -5, -56, 2]
[-8, 1, -14, -103, -9]
[14, -5, 3, -67, 2]
[2, 0, 14, -57, -2]
[-12, 1, -7, -77, -8]
[-10, 0, 0, -24, -4]
[2, 14, -1, -100, -1]
[16, -3, -5, -96, -6]
[10, 2, 15, -119, -6]
[-8, 1, 15, -74, -1]
[-8, -3, -6, -38, -6]
[-8, 2, -1, -85, 10]
[8, 10, -6, -73, -1]
[-4, 10, -12, -83, -3]
[-4, 3, 0, -89, -11]
[-2, 11, 0, -70, -4]
[2, 11, 1, -82, 5]
[-10, 2, 5, -37, -4]
[-6, 9, -11, -79, 4]
[-10, -13, 5, -102, 1]
[-2, -9, 5, -74, -7]
[-12, -6, 11, -80, 2]
[6, 3, -9, -42, -5]
[8, 5, 15, -96, -1]
[-6, -5, 9, -42, -3]
[8, 0, -16, -100, -7]
[-16, -3, 4, -79, 5]
[2, -7, -5, -19, -1]
[-12, 5, -16, -91, 1]
[-10, -5, 2, -43, -5]
[-10, -1, -15, -71, 4]
[2, 0, 0, -83, -11]
[12, -6, -1, -57, 3]
[0, 1, -14, -40, 3]
[-6, 9, -7, -86, -7]
[4, 11, 2, -70, -2]
[-4, 12, 3, -81, 2]
[2, 2, 5, -71, 9]
[-2, 3, -1, -37, 7]
[6, 3, -17, -73, -2]
[-10, -12, 4, -92, -3]
[-14, 3, -8, -64, 4]
[8, -2, 9, -47, -3]
[-4, -7, 8, -38, 0]
[2, 0, -9, -12, 2]
[6, -6, 9, -47, 0]
[8, -6, 2, -56, -6]
[-4, -7, -5, -44, -6]
[14, 7, 1, -79, 1]
[2, -9, -1, -69, 7]
[-2, -1, -19, -82, 4]
[-2, -7, -10, -32, -1]
[-4, -13, -6, -80, -2]
[10, 2, 3, -48, -5]
[6, -6, 12, -100, -7]
[-18, 0, -10, -83, -1]
[8, 10, -13, -118, -5]
[-6, -8, -15, -83, -4]
[8, 3, 6, -91, -9]
[14, -10, 7, -114, -2]
[6, 6, 11, -93, 6]
[-6, 6, 4, -90, 9]
[-8, -2, -15, -71, 5]
[8, 3, 7, -40, 2]
[-10, 3, -6, -49, -6]
[-18, -3, 0, -88, 5]
[8, 7, -7, -98, 8]
[-4, -4, 11, -42, -2]
[-8, 2, -8, -53, -7]
[-6, -1, 0, 1, 0]
[10, -4, -5, -70, 7]
[-10, -2, -10, -90, -9]
[-12, 3, -11, -51, 0]
[-10, -7, 0, -40, -3]
[-4, 1, 17, -82, 1]
[-16, -4, 2, -58, -1]
[4, 1, -2, -3, 2]
[4, -9, -7, -55, 4]
[-8, -9, -8, -97, -8]
[-2, -6, -8, -24, -3]
[-12, -11, 9, -111, -3]
[16, -1, -5, -85, -5]
[-2, 0, 7, -11, -1]
[-4, -2, -21, -91, -1]
